0.8840828016400337
0.8399070911109447
0.8106784000992775
0.7864831052720547
0.7552572637796402
0.7363644763827324
0.7289958633482456
0.6978754773736
0.6890936456620693
0.6795574314892292
0.6762396283447742
0.6524805426597595
0.6583460234105587
0.6428620107471943
0.634093452244997
0.6164481900632381
0.6009074077010155
0.6009274162352085
0.5833404175937176
0.5675328001379967
0.5606536418199539
0.56362309679389
0.5559878721833229
0.526252705603838
0.5354841277003288
0.5306161046028137
0.5221517086029053
0.4993308261036873
0.48685040324926376
0.4846675470471382
0.45604896545410156
0.445976871997118
0.4393528066575527
0.42494796216487885
0.4122026339173317
0.38867172226309776
0.3806169740855694
0.368096262216568
0.3230349011719227
0.30360014736652374
0.27993040531873703
0.25877371802926064
0.24940356984734535
0.23063740879297256
0.21664780750870705
0.20212040841579437
0.1943037398159504
0.17315154150128365
0.17069226503372192
0.16137490049004555
0.1541091427206993
0.16224737837910652
0.15211154893040657
0.14151263609528542
0.1324964091181755
0.12741311639547348
0.11525337025523186
0.10617578774690628
0.09848359599709511
0.10099482908844948
0.09669208526611328
0.09225982800126076
0.0881861262023449
0.08545007184147835
0.08312404900789261
0.07240254059433937
0.07375510036945343
0.07289182394742966
0.07105056568980217
0.0692824050784111
0.06815741583704948
0.08338288590312004
0.08752164617180824
0.07439334318041801
0.06729260832071304
0.06273062899708748
0.056419022381305695
0.05483096465468407
0.04805843159556389
0.049542803317308426
0.045207154005765915
0.041538625955581665
0.04220832511782646
0.04179256036877632
0.040835119783878326
0.03999323397874832
0.03884772211313248
0.03761925920844078
0.036491792649030685
0.03679991513490677
0.033915113657712936
0.03206745535135269
0.032794564962387085
0.03345318138599396
0.03262809291481972
0.032898616045713425
0.03086508810520172
0.02972625195980072
0.028911814093589783
0.027340199798345566
0.0271940715610981
0.02675125002861023
0.02569688856601715
0.025889098644256592
0.02545171231031418
0.023991160094738007
0.023391488939523697
0.023182787001132965
0.022387418895959854
0.022559206932783127
0.02396124228835106
0.022770904004573822
0.02081829309463501
0.019797872751951218
0.01995859667658806
0.019694391638040543
0.019983157515525818
0.018723297864198685
0.018020231276750565
0.01819506287574768
0.018162962049245834
0.018528733402490616
0.01670089364051819
0.017305172979831696
0.017068851739168167
0.017751019448041916
0.017623700201511383
0.017048615962266922
0.016861937940120697
0.015493478626012802
0.01634310930967331
0.01546686515212059
0.01486928015947342
0.015096791088581085
0.01563963294029236
0.014637086540460587
0.014494169503450394
0.014135140925645828
0.01387474313378334
0.014349162578582764
0.01418071985244751
0.013847976922988892
0.012940485030412674
0.012663058936595917
0.012906413525342941
0.013267844915390015
0.01295381784439087
0.014219291508197784
0.014685358852148056
0.014027692377567291
0.012910224497318268
0.013357013463973999
0.0123131163418293
0.011598829180002213
0.011842131614685059
0.012188542634248734
0.011519741266965866
0.011244352906942368
0.011881839483976364
0.01098116859793663
0.011132903397083282
0.010873466730117798
0.010638229548931122
0.010210342705249786
0.010684467852115631
0.010209307074546814
0.00978485494852066
0.00919056311249733
0.00896381214261055
0.009106025099754333
0.009891513735055923
0.010160069912672043
0.00994739681482315
0.00920073315501213
0.009440138936042786
0.009256511926651001
0.009622864425182343
0.008701089769601822
0.008961409330368042
0.009123679250478745
0.008660726249217987
0.008845236152410507
0.008588306605815887
0.008792970329523087
0.009048543870449066
0.009106829762458801
0.009537864476442337
0.008947927504777908
0.008939336985349655
0.008654948323965073
0.00847131758928299
0.008159071207046509
0.008451998233795166
0.00837709754705429
0.007863227277994156
0.007628176361322403
0.007203422486782074
0.007113773375749588
0.007346499711275101
0.007246430963277817
