0.1440501085975591
0.16958395172567928
0.18332199051099665
0.2022631518981036
0.22395003367872798
0.23164419128614314
0.2434137498631197
0.2438790386213976
0.285617891479941
0.2834564508760677
0.29598821086042065
0.30081072362030253
0.3000801731558407
0.31535638693500967
0.3288102456751992
0.3098117954590741
0.3478900597375982
0.34974946344600005
0.3611863886608797
0.3626510939177345
0.368306238861645
0.3743886824916391
0.38712237862979665
0.38769419578944936
0.4068054065984838
0.3921746436287375
0.40528764444239
0.41369106138453765
0.4384726776796229
0.439787102096221
0.4644181745893815
0.4626058585503522
0.4813034061123343
0.49452272057533264
0.5036485405529246
0.5247231581631828
0.5593870737973381
0.6230527933906106
0.6593114488265094
0.6642364053165212
0.689291403574102
0.7139197202289805
0.726489379125483
0.7344272417180678
0.7537385540850022
0.7591234655941234
0.7739806420662824
0.7823535133810604
0.7785467575578129
0.7971044007469626
0.8038215917699477
0.8108837288968703
0.815784727825838
0.8221667724497178
0.837066205108867
0.841992108260884
0.850818816353293
0.849334667710697
0.8613593508215511
0.8553780773106743
0.8569340916240916
0.8640545501428492
0.8661909629316891
0.8695484855595756
0.8697061924373403
0.872364226509543
0.8746853085125194
0.8848052200149087
0.8782665273722481
0.8802523683099186
0.77748502703274
0.86474228255889
0.8932194218916052
0.8834386678302989
0.8912311617065879
0.8847687980707954
0.8839326641138863
0.8891872097464169
0.8936799308832954
0.8919150934499853
0.8940837593639598
0.8940182784024406
0.8954115860602435
0.8915566416347728
0.8979285394444185
0.8956243430866915
0.8973240361494177
0.9001403556150549
0.897069562883938
0.8994463086128235
0.9029180688016555
0.901074700495776
0.902859719360576
0.9053623641238493
0.900185269467971
0.9008491460014793
0.9041410965078017
0.9048262659241172
0.9074933038038366
0.9081603218527401
0.9027277231216431
0.9099553788409513
0.9072748317438013
0.9072229862213135
0.9091768054401174
0.9084592566770666
0.9092387451845056
0.9156866704716402
0.906310218222001
0.9111383627442753
0.9073175998295054
0.9154236842604244
0.9109178465955398
0.9114582363296958
0.9098716343150419
0.9127943305408254
0.9131435997345868
0.9118554697317236
0.9126704896197599
0.9124860342811135
0.913721989182865
0.9159681411350474
0.9134538033429314
0.916216839762295
0.9137464235810673
0.9157109260559082
0.914626889369067
0.9159230204189525
0.9153830023372874
0.9164576004533207
0.9129544987398035
0.9150390309445998
0.9135739557883319
0.9168453602229848
0.9171129184610703
0.915046702412998
0.9160918628468233
0.916676170685712
0.9157206416130066
0.9171990647035486
0.9173073803677279
0.9166027342571932
0.915632517898784
0.9204929996939266
0.9173896908760071
0.917538278243121
0.9171420581200543
0.9167390255367055
0.9167750688160167
0.9173413585214054
0.9200767278671265
0.9162281821755802
0.9223190370727988
0.9156104150940391
0.917210084550521
0.918874253244961
0.917407214641571
0.9174996193717507
0.9194425379528719
0.9175458164776072
0.9180987196810105
0.9160379136309904
0.9195357876665452
0.9201238050180323
0.9162559158661786
0.917032753720003
0.9197531833368189
0.9241912610390607
0.9199896735303542
0.9163847285158494
0.919399710262523
0.9206451002289268
0.9176253606291378
0.9215225156615762
0.9201532321817735
0.92001733008553
0.9218749719507554
0.9176650362856248
0.9196613571223091
0.9189196404288796
0.921458388076109
0.9186225182869855
0.9207549130215364
0.9194054393207326
0.9202083314166349
0.9206214687403511
0.9233729804263395
0.9202580732457778
0.9210743448313545
0.9200139992377337
0.9223771340706769
0.9218746879521538
0.9207169238258811
0.9220745598568636
0.9235291726448956
0.9208144405308891
0.9223797917366028
0.9211698069291956
0.9220840966000277
0.9200378586264217
