0.8559498857049381
0.8304160482743207
0.8166780051063088
0.7977368481018964
0.776049957555883
0.7683558148496291
0.7565862501368803
0.7561209622551414
0.7143821120262146
0.7165435447412378
0.7040117873865015
0.699189280762392
0.6999198233380037
0.6846436121884514
0.6711897534482619
0.6901882115532371
0.6521099420154796
0.6502505295416888
0.6388136148452759
0.6373489113414988
0.6316937593852773
0.6256113157552832
0.6128776178640478
0.6123058059636284
0.5931945898953606
0.6078253563712624
0.5947123590637656
0.5863089351093068
0.5615273188142216
0.5602128926445457
0.5355818201513851
0.5373941414496478
0.5186965921345879
0.505477274165434
0.4963514629532309
0.4752768418368171
0.44061292970881744
0.37694720660938935
0.3406885511734906
0.3357635946834789
0.31070859642589793
0.2860802797710194
0.2735106208745171
0.26557275828193216
0.24626144591499777
0.2408765344058766
0.2260193579337176
0.21764648661893957
0.22145324244218714
0.2028955992530374
0.19617840823005228
0.18911627110312967
0.18421527217416203
0.1778332275502822
0.16293379489113302
0.158007891739116
0.14918118364670696
0.15066533228930304
0.13864064917844884
0.14462192268932567
0.14306590837590835
0.13594544985715082
0.1338090370683109
0.1304515144404243
0.13029380756265976
0.12763577349045696
0.12531469148748062
0.11519477998509127
0.12173347262775197
0.11974763169008143
0.22251497296726003
0.13525771744111004
0.10678057810839485
0.11656133216970108
0.10876883829341215
0.11523120192920461
0.11606733588611379
0.11081279025358312
0.10632006911670461
0.10808490655001472
0.10591624063604019
0.10598172159755931
0.1045884139397565
0.1084433583652272
0.10207146055558149
0.10437565691330854
0.10267596385058235
0.09985964438494514
0.10293043711606194
0.10055369138717651
0.09708193119834452
0.09892529950422399
0.09714028063942404
0.09463763587615069
0.09981473053202909
0.09915085399852079
0.09585890349219828
0.09517373407588285
0.0925066961961634
0.09183967814725988
0.09727227687835693
0.09004462115904864
0.09272516825619866
0.09277701377868652
0.09082319455988266
0.09154074332293342
0.09076125481549431
0.0843133295283598
0.09368978177799898
0.08886163725572474
0.09268240017049453
0.08457631573957555
0.08908215340446024
0.08854176367030424
0.09012836568495806
0.08720566945917466
0.08685640026541318
0.08814453026827644
0.08732951038024005
0.08751396571888644
0.08627801081713508
0.08403185886495254
0.08654619665706859
0.083783160237705
0.08625357641893275
0.0842890739440918
0.08537311063093297
0.08407697958104751
0.08461699766271255
0.08354239954667933
0.08704550126019646
0.08496096905540018
0.08642604421166812
0.08315463977701523
0.08288708153892965
0.08495329758700203
0.0839081371531767
0.08332382931428797
0.08427935838699341
0.08280093529645134
0.08269261963227216
0.08339726574280683
0.08436748210121603
0.07950700030607336
0.08261030912399292
0.08246172175687902
0.08285794187994565
0.08326097446329453
0.0832249311839833
0.08265864147859461
0.07992327213287354
0.08377181782441981
0.07768096292720121
0.08438958490596098
0.08278991544947904
0.08112574675503899
0.08259278535842896
0.08250038062824923
0.08055746204712812
0.08245418352239273
0.08190128031898947
0.08396208636900958
0.0804642123334548
0.0798761949819677
0.08374408413382138
0.08296724627999698
0.08024681666318108
0.0758087389609393
0.08001032646964579
0.0836152714841506
0.08060028973747702
0.07935489977107328
0.08237463937086217
0.07847748433842379
0.07984676781822653
0.07998266991447
0.0781250280492446
0.08233496371437521
0.08033864287769094
0.08108035957112032
0.07854161192389096
0.0813774817130145
0.07924508697846357
0.08059456067926743
0.07979166858336505
0.07937853125964894
0.07662701957366046
0.0797419267542222
0.07892565516864553
0.07998600076226627
0.07762286592932309
0.07812531204784617
0.07928307617411894
0.07792544014313642
0.07647082735510434
0.07918555946911082
0.07762020826339722
0.07883019307080437
0.07791590339997236
0.07996214137357824
