0.9085680273862985
0.855605084162492
0.8117921279026912
0.7525769252043504
0.6804555975473844
0.5871074823232797
0.49839077179248514
0.4366829661222605
0.3731134524712196
0.2902993495647724
0.2464852443108192
0.2291228202673105
0.19652727842330933
0.16739155787688034
0.1474327307481032
0.14381835735761203
0.14896868467330932
0.12445342082243699
0.11738036870956421
0.10747814453565158
0.10253857190792377
0.09458324175614577
0.08935085901847252
0.0847132921218872
0.08283507640545185
0.07856177183297965
0.08349906022732075
0.07558342310098501
0.08590598014684823
0.10458086545650776
0.07897037817881658
0.07078097691902747
0.09005479629223163
0.10609443554511437
0.07206048231858474
0.07914501978800847
0.06577488275674673
0.06038029377277081
0.058715987205505374
0.06018457962916447
0.058018271739666276
0.05345620467112615
0.05097875870191134
0.05149419491107647
0.05033562091680673
0.05247525251828707
0.0453289820597722
0.04964045928074763
0.04835998645195594
0.04649524138523982
0.042678029720599836
0.04244109392166138
0.044073344193972075
0.04343391840274517
0.04735317046825702
0.05669771066078773
0.04297744677617
0.04282763371100792
0.03873420403553889
0.03824248313903809
0.04023445936349722
0.039037057069631724
0.04086763033500085
0.03793759896205022
0.03980816511007456
0.03958605802976168
0.03881468314390916
0.044133082719949576
0.05044569785778339
0.03901480069527259
0.03579199222417978
0.036350993926708514
0.13104290870519786
0.06812806863051195
0.04376458571507381
0.04083465429452749
0.044699449722583474
0.037883442181807295
0.05563164857717661
0.039060383576613206
0.040598758367391734
0.0345638449375446
0.032472637066474325
0.03113019191301786
0.0302581970508282
0.03323574891457191
0.031254928845625654
0.029960902837606575
0.030105955784137432
0.02914618162008432
0.028944787612328163
0.02711996940466074
0.027946507930755614
0.02968736428480882
0.02773465926830585
0.028044440196110652
0.02579055932851938
0.026912503976088305
0.024943383840414193
0.024555680385002724
0.023821045802189755
0.024008005398970383
0.025394077484424297
0.023212356750781718
0.02353349098792443
0.0252293219933143
0.023150917199941782
0.02547421455383301
0.022384913151080793
0.021495976814856897
0.02121547368856577
0.021957620290609506
0.02189607253441444
0.0229363542336684
0.022659046833331767
0.021612675373370832
0.020952712572537936
0.021451243987450234
0.02266855790064885
0.022900338356311504
0.02115704371378972
0.0309555328809298
0.024591677005474384
0.021877033893878642
0.021312793401571422
0.022227074549748347
0.020665252208709718
0.01952257431470431
0.020050245981950026
0.01943280054972722
0.01863230925339919
0.017822638841775748
0.016907089490156908
0.018431315055260293
0.018779841753152702
0.018740662244650035
0.020709168910980225
0.017918022779318
0.017631035584669847
0.01861707614018367
0.019023730204655573
0.016169788287236142
0.01702656470812284
0.01709480377343985
0.016077175507178673
0.017178226434267484
0.017693953330700216
0.017113635173210733
0.017031512810633732
0.016286980188809908
