0.11912270567633888
0.16186771118505436
0.2104262916201895
0.269869593734091
0.3529655118331765
0.43029093245665234
0.5108526254242117
0.569089842565132
0.6594165360385721
0.7103870149814722
0.7442030816367178
0.7453725924997618
0.7727204299334324
0.8054580679445555
0.81334618546746
0.8063626343553717
0.8259001184593547
0.83165653275721
0.8462676586526813
0.8449738964889989
0.8598850947437864
0.8597874912348661
0.8633295821421074
0.8604544238610701
0.8571426751035632
0.8648367126782736
0.8552919192747637
0.8579774589249582
0.757486598961281
0.8477152802727439
0.8670875935843496
0.8665805034565203
0.7947861100688125
0.8678465241735632
0.8543668524785475
0.8710625848986886
0.8746394496975523
0.8732953595392632
0.8712232979861173
0.8735025281255896
0.8763041803331086
0.8782825578342784
0.8736157254739241
0.882110165827202
0.8784187869592146
0.8787665331002438
0.8743138232014396
0.8686318767793251
0.8798699415091312
0.8727175177949847
0.87050087704803
0.8813078367348873
0.8814629776911302
0.8763373665737383
0.8762838542461395
0.8767546081181729
0.8822598990165826
0.8814435068405035
0.8771143076997815
0.8844237092769507
0.8790790515415596
0.8860558876485536
0.8799111716675035
0.8770617264689822
0.8741419911384583
0.8725514177120093
0.8753640723950935
0.8839161003177817
0.8767707492365981
0.8772335196986343
0.8778007852308678
0.8229331979245851
0.8242070936795437
0.8628825193101709
0.8770682161504572
0.8751057350274288
0.8747187265844056
0.8860573822801764
0.864649825926983
0.875926566846443
0.8861862177198584
0.8867465925939155
0.8812940969611659
0.8803476429346836
0.8857802703525081
0.8877508513855211
0.8825776486685781
0.887680139505502
0.8839813227003271
0.8774337488593478
0.8846447097532677
0.8792791059522918
0.8772349149891825
0.8785104616121813
0.8812356573162656
0.8798710396795562
0.8845720065362526
0.8822850332115636
0.8816557093100115
0.8799447661096399
0.8825139204661051
0.8806681750398694
0.8744981343095953
0.8858396410942078
0.880315953131878
0.8842502940784801
0.8848171423782002
0.8840341152566852
0.8907491320913489
0.8814982853152535
0.8845188617706299
0.8851587058919849
0.8869433050805872
0.8800489216139822
0.8812398169979905
0.8880017842307235
0.8848959659085129
0.8825041516260668
0.8823237392035398
0.88337996060198
0.8849609476147275
0.8761049156839197
0.8867558105425402
0.8859823680285251
0.8818431225689974
0.873936392141111
0.878310324567737
0.8833092306599473
0.8862938799641349
0.8849207542159341
0.8867232429258751
0.8776988116177645
0.881578266620636
0.8797714321902304
0.8817997574806213
0.8827289460283337
0.8755082442904963
0.8773435805783127
0.8742757457675356
0.8793589201840487
0.880248638716611
0.8860214686754978
0.8862826779033198
0.8833464555668108
0.8841774861017863
0.8816386181296725
0.8852840074987123
0.8749047915140787
0.8860869994669249
0.8822687819148555
