0.8808772934205604
0.8381322893229398
0.7895737073638223
0.7301304096525366
0.6470344870379476
0.5697090661886967
0.4891473750273387
0.43091015833796875
0.3405834635098775
0.2896129850185279
0.25579691836328217
0.25462740750023816
0.22727957006656763
0.19454193205544443
0.18665381453254007
0.19363736564462836
0.17409988154064526
0.16834346724278998
0.1537323413473187
0.15502610351100113
0.14011490525621356
0.14021250876513394
0.13667041785789258
0.1395455761389299
0.14285732489643674
0.13516328732172647
0.14470808072523636
0.1420225410750418
0.24251340103871893
0.15228471972725607
0.13291240641565033
0.13341949654347968
0.2052138899311875
0.13215347582643683
0.14563314752145248
0.12893741510131143
0.1253605503024477
0.12670464046073682
0.12877670201388272
0.12649747187441046
0.12369581966689139
0.12171744216572154
0.1263842745260759
0.11788983417279793
0.12158121304078535
0.12123346689975623
0.1256861767985604
0.13136812322067493
0.12013005849086877
0.12728248220501523
0.12949912295196997
0.11869216326511267
0.1185370223088698
0.12366263342626167
0.12371614575386047
0.12324539188182715
0.11774010098341739
0.11855649315949643
0.12288569230021852
0.11557629072304929
0.12092094800689003
0.11394411235144644
0.12008882833249641
0.12293827353101788
0.12585800886154175
0.1274485822879907
0.1246359276049065
0.11608390013376872
0.12322925076340184
0.12276648030136571
0.1221992147691322
0.17706680207541495
0.1757929063204563
0.13711748068982904
0.12293178384954279
0.12489426497257117
0.1252812734155944
0.11394261771982367
0.135350174073017
0.12407343315355705
0.11381378228014166
0.11325340740608447
0.11870590303883408
0.1196523570653164
0.11421972964749191
0.11224914861447884
0.11742235133142183
0.11231986049449805
0.11601867729967291
0.12256625114065228
0.1153552902467323
0.12072089404770822
0.12276508501081755
0.12148953838781877
0.11876434268373431
0.12012896032044382
0.11542799346374744
0.11771496678843643
0.11834429068998857
0.12005523389036005
0.11748607953389485
0.11933182496013063
0.12550186569040472
0.11416035890579224
0.11968404686812198
0.11574970592151988
0.11518285762179982
0.1159658847433148
0.10925086790865118
0.11850171468474648
0.11548113822937012
0.11484129410801512
0.11305669491941278
0.11995107838601778
0.11876018300200954
0.11199821576927647
0.11510403409148708
0.11749584837393327
0.11767626079646024
0.11662003939801996
0.1150390523852724
0.12389508431608026
0.11324418945745988
0.11401763197147485
0.11815687743100253
0.12606360785888904
0.121689675432263
0.11669076934005275
0.1137061200358651
0.11507924578406593
0.11327675707412488
0.12230118838223544
0.11842173337936401
0.12022856780976961
0.11820024251937866
0.11727105397166628
0.12449175570950363
0.12265641942168727
0.12572425423246442
0.12064107981595126
0.11975136128338901
0.1139785313245022
0.11371732209668015
0.11665354443318916
0.1158225138982137
0.11836138187032758
0.11471599250128775
0.12509520848592123
0.11391300053307504
0.1177312180851445
