0.9283542018383741
0.8891485966742039
0.8722516484558582
0.850919559597969
0.8128726724535227
0.7639818228781223
0.7300076708197594
0.7088455352932215
0.6821079775691032
0.672113811597228
0.6594064570963383
0.6301397085189819
0.6083531379699707
0.5931543242186308
0.5864228811115026
0.5688265580683947
0.5528420880436897
0.5316592659801245
0.5029920972883701
0.48759038746356964
0.46928047575056553
0.44051862694323063
0.4210654217749834
0.3766552582383156
0.31777525320649147
0.2800052911043167
0.24869109690189362
0.22049688547849655
0.19560950621962547
0.17895858362317085
0.17481792159378529
0.1551168542355299
0.15205529145896435
0.15423270873725414
0.1371211875230074
0.13751947693526745
0.12628614716231823
0.1133149303495884
0.11276963539421558
0.14402127638459206
0.11616059206426144
0.11315841600298882
0.10892177559435368
0.10397461801767349
0.09595930576324463
0.09231032244861126
0.11043509095907211
0.09761784225702286
0.09457403793931007
0.08264295570552349
0.07762682251632214
0.08024595119059086
0.08483840897679329
0.07753893919289112
0.0761258490383625
0.0796729065477848
0.07325521111488342
0.06712423264980316
0.06689061038196087
0.06709515675902367
0.07167602516710758
0.06346443109214306
0.06316209957003593
0.059221139177680016
0.057450925931334496
0.05256624519824982
0.05369648337364197
0.05388500355184078
0.056212082505226135
0.05275742709636688
0.05088944733142853
0.05323272384703159
0.05173400416970253
0.049814434722065926
0.05297592468559742
0.046494076028466225
0.046743519604206085
0.044726986438035965
0.04888463765382767
0.04330144636332989
0.050478121265769005
0.04558851756155491
0.044189050793647766
0.0394769050180912
0.04148411937057972
0.04110812582075596
0.045006293803453445
0.0428222119808197
0.05121492221951485
0.05237801373004913
0.04447557404637337
0.04674243927001953
0.04131275415420532
0.042458031326532364
0.03650732524693012
0.039441460743546486
0.03560552932322025
0.03809601254761219
0.03725026175379753
0.03527086228132248
0.036401210352778435
0.038684047758579254
0.039620572701096535
0.03394411318004131
0.033620892092585564
0.04865329898893833
0.054376253858208656
0.040693990886211395
0.0396419633179903
0.06314755417406559
0.04950934089720249
0.03906603530049324
0.037843188270926476
0.03618353046476841
0.03601817600429058
0.05427861958742142
0.0461328886449337
0.04054490476846695
0.036560190841555595
0.037616005167365074
0.03942267224192619
0.03279239684343338
0.030736258253455162
0.029021957889199257
0.027024921029806137
0.026688486337661743
0.02665879763662815
0.028618207201361656
0.024644264951348305
0.02386985532939434
0.022469503805041313
0.02330055832862854
0.023831183090806007
0.02525213174521923
0.023602934554219246
0.021956661716103554
0.025623273104429245
0.023323947563767433
0.02224021963775158
0.02333434484899044
0.028240105137228966
0.025651784613728523
0.024290010333061218
0.020513419061899185
0.019693942740559578
0.021509798243641853
0.020629853010177612
0.022534240037202835
0.020903663709759712
0.021834643557667732
