0.09295577759092505
0.11529966353467017
0.12951703843745319
0.15457984105204092
0.17762973859454645
0.2613012246561773
0.27811135532278003
0.28421759740872815
0.2655158124186776
0.32217237533945026
0.318897060824163
0.3488174672379638
0.35601866019494605
0.3720787271405711
0.3117669655969649
0.4115045251268329
0.4141111003630089
0.4313043970050234
0.4473822098789793
0.4592804086930824
0.4719173845016595
0.49282692688884155
0.5268299633806403
0.6189673732627522
0.6614686106190537
0.7055245637893677
0.7328327081420205
0.7561495809844045
0.7721514972773466
0.7870461687897191
0.7913491238247264
0.8094597910389756
0.8052702780925867
0.8045499270612543
0.8244709480892528
0.8350881356181521
0.8376151756806807
0.8364341836987119
0.8000887686556036
0.8299934015129552
0.8367412559913866
0.8442589261315085
0.8494215716015209
0.8568507306503527
0.852866611697457
0.8461429259993813
0.8406702171672474
0.8435589165398569
0.8508088498404531
0.8644333409540581
0.8581907857548107
0.8626835870020317
0.8659148794231992
0.8638849890593326
0.8585526274912285
0.8653501416697646
0.8549742265181108
0.8573771227489818
0.859437593908021
0.8647267168218439
0.8720498807502516
0.8680225737167128
0.8742486762278008
0.8714487046906443
0.8774772141918992
0.8710253238677979
0.8640040466279695
0.8783675450267214
0.8676921653025078
0.8737770842783379
0.8695972038037849
0.8660827568083098
0.8838575211438265
0.8742757764729586
0.8812527006322687
0.8755678155205466
0.8823939923084143
0.8765427939819567
0.8838803677847891
0.8688978950182596
0.878486257610899
0.8708209810834943
0.8752008730714972
0.8786556666547601
0.8771206537882487
0.8748818112142158
0.8796757080338218
0.8682409344297467
0.8712399890928557
0.8792242245240645
0.8582050908695568
0.877308888868852
0.8752618865533308
0.8795949401277484
0.8806285442727985
0.8834210489735459
0.8834546641869978
0.8823525255376642
0.8809804031343171
0.8911912152261445
0.8795262195847251
0.8892339088700034
0.8766188531210928
0.8782835440202192
0.8849095991163543
0.8635676521243472
0.8686713106704481
0.8795581550309153
0.8675814162601124
0.858108350724885
0.8713908574797891
0.870707342118928
0.8843994537989298
0.8791396274711146
0.8832554835261721
0.8662367986910271
0.8803438706831499
0.8840068434223984
0.8766379211888169
0.8793778112440398
0.8857592868082451
0.886653235464385
0.8872215440779021
0.8925790931239272
0.8867352351997838
0.8832213607701388
0.8894837787657073
0.8873168031374613
0.8874621644164576
0.8891864707975676
0.8910803054318284
0.8897426309007587
0.8852930249589862
0.8918788270516829
0.882481240864956
0.8887963475603046
0.8891526316151475
0.8878413294300889
0.8898192048072815
0.8886622497529695
0.8860031402472294
0.8855380072738185
0.8891690084428499
0.8924827882737825
0.8803115324540571
0.8854313077348651
0.8913452860080835
0.8877346298911355
0.8903056798559247
0.8841107776670745
