0.9070442156358198
0.884700338045756
0.8704829577243689
0.8454201636892377
0.8223702600508025
0.7386987733118462
0.7218886451287703
0.7157824021397214
0.7344841902906244
0.6778276219512477
0.6811029369180853
0.6511825341166873
0.643981341159705
0.6279212724078785
0.6882330305648573
0.5884954748731671
0.5858889041524945
0.5686956066073794
0.552617791927222
0.5407195904038169
0.5280826164014412
0.5071730722080577
0.47317003481315845
0.38103262583414715
0.3385313893809463
0.2944754362106323
0.2671672918579795
0.2438504190155954
0.22784850272265347
0.21295383121028091
0.20865087617527356
0.19054020896102442
0.19472972190741336
0.19545007293874567
0.1755290519107472
0.16491186438184796
0.1623848243193193
0.16356581630128803
0.19991123134439642
0.17000659848704483
0.16325874400861334
0.15574107386849143
0.15057842839847912
0.14314926934964728
0.14713338830254294
0.15385707400061868
0.15932978283275256
0.15644108346014313
0.14919115015954681
0.1355666590459419
0.14180921424518933
0.13731641299796826
0.13408512057680072
0.13611501094066736
0.14144737250877149
0.13464985833023535
0.1450257734818892
0.1426228772510182
0.14056240609197906
0.13527328317815607
0.12795011924974847
0.1319774262832873
0.12575132377219922
0.12855129530935577
0.12252278580810085
0.12897467613220215
0.13599595337203055
0.12163245497327863
0.1323078346974922
0.1262229157216621
0.1304027961962151
0.13391724319169016
0.11614247885617343
0.12572422352704135
0.11874729936773126
0.12443218447945335
0.11760600769158566
0.12345720601804329
0.11611963221521089
0.13110210498174033
0.12151374238910097
0.12917901891650577
0.12479912692850287
0.12134433334523981
0.1228793462117513
0.12511818878578418
0.1203242919661782
0.13175906557025333
0.12876001090714426
0.1207757754759355
0.14179490913044324
0.1226911111311479
0.12473811344666914
0.12040505987225157
0.11937145572720152
0.11657895102645412
0.11654533581300215
0.11764747446233575
0.11901959686568289
0.1088087847738555
0.12047378041527489
0.11076609112999657
0.12338114687890718
0.12171645597978072
0.11509040088364572
0.1364323478756529
0.13132868932955194
0.12044184496908476
0.13241858373988757
0.14189164927511505
0.12860914252021097
0.12929265788107208
0.11560054620107015
0.12086037252888535
0.11674451647382794
0.1337632013089729
0.11965612931685014
0.11599315657760158
0.12336207881118312
0.12062218875596017
0.11424071319175488
0.11334676453561494
0.11277845592209787
0.10742090687607274
0.11326476480021622
0.11677863922986118
0.1105162212342927
0.11268319686253865
0.11253783558354233
0.11081352920243234
0.10891969456817165
0.11025736909924132
0.11470697504101378
0.10812117294831709
0.11751875913504398
0.11120365243969542
0.11084736838485255
0.11215867056991115
0.1101807951927185
0.11133775024703055
0.11399685975277063
0.11446199272618149
0.11083099155715018
0.10751721172621756
0.11968846754594283
0.11456869226513487
0.10865471399191654
0.11226537010886452
0.10969432014407533
0.1158892223329255
