0.9066186249256134
0.8430478367954493
0.8097549676895142
0.7760241162031889
0.7560044676065445
0.7217496335506439
0.7061208691447973
0.7020511087030172
0.6879258751869202
0.6652285363525152
0.6515072621405125
0.6489696595817804
0.6286100577563047
0.6109701730310917
0.6025763675570488
0.5806489791721106
0.5635635536164045
0.5544452611356974
0.5315599609166384
0.49529314413666725
0.4846524354070425
0.45174087956547737
0.4268167410045862
0.3961786422878504
0.36838971450924873
0.3544713817536831
0.3307678196579218
0.3120734617114067
0.3070083111524582
0.2863841038197279
0.2955756410956383
0.2744723651558161
0.25767843052744865
0.24222547933459282
0.23199175670742989
0.19570333510637283
0.1914178915321827
0.19011186994612217
0.1670298259705305
0.15300002694129944
0.14545606076717377
0.13431241363286972
0.13136362098157406
0.12396338768303394
0.1300249844789505
0.12972908653318882
0.10393972508609295
0.10932494141161442
0.10096092522144318
0.10513916239142418
0.12265988253057003
0.1323005985468626
0.12228160537779331
0.10260557197034359
0.10325250402092934
0.10880430974066257
0.10428503900766373
0.10612292215228081
0.09818553179502487
0.08314313739538193
0.10208249278366566
0.09342062473297119
0.08334678411483765
0.0874442420899868
0.07725602947175503
0.07503310218453407
0.08052162826061249
0.07241918705403805
0.07945464178919792
0.07211733795702457
0.0681852325797081
0.06623262725770473
0.07050846330821514
0.06957539729773998
0.06632574275135994
0.07939145341515541
0.06781930662691593
0.06617429479956627
0.06758690811693668
0.06948670372366905
0.06942700035870075
0.06635253131389618
0.06314842216670513
0.06813364289700985
0.06437615677714348
0.061633944511413574
0.059765905141830444
0.05626125633716583
0.05401657707989216
0.060834975913167
0.06047935038805008
0.05910183675587177
0.0550724733620882
0.05391853302717209
0.05707123316824436
0.07699093781411648
0.05996204353868961
0.052451275289058685
0.053210264071822166
0.0536466371268034
0.055096833035349846
0.05884354002773762
0.05207495763897896
0.04860461317002773
0.05641617625951767
0.049015915021300316
0.04578113742172718
0.05207129754126072
0.047716930508613586
0.049645863473415375
0.05415334738790989
0.050145357847213745
0.048993585631251335
0.05015229806303978
0.05159982852637768
0.04476008377969265
0.048075055703520775
0.04685141518712044
0.049368495121598244
0.050362421199679375
0.049674833193421364
0.04943181201815605
0.058925410732626915
0.04807228781282902
0.04854563996195793
0.04955315589904785
0.04939436540007591
0.04892859049141407
0.052174272015690804
0.041423337534070015
0.042137280106544495
0.04078555665910244
0.03934275731444359
0.05211549066007137
0.04913631081581116
0.050397804006934166
0.037641143426299095
0.04331463389098644
0.049438633024692535
0.046899694949388504
0.04826631210744381
0.055577533319592476
0.05410368740558624
0.045962030068039894
0.05499342083930969
0.058211181312799454
0.05282573588192463
0.05676066689193249
0.04546119272708893
0.07776525616645813
