0.1172460988163948
0.1515076792601383
0.17905566931673975
0.1995501917871562
0.2218987341179992
0.22890418406688806
0.26039006831971084
0.2650472490173398
0.2678434627525734
0.3061154701493003
0.3109101540211475
0.32375750397190906
0.3355418994571223
0.34060704256549024
0.3428374221830657
0.3676446558851184
0.35706204311414197
0.3876260613853281
0.4096743645090045
0.4075137060700041
0.4344565100742109
0.46473744240674103
0.497203733884927
0.5333374801910284
0.5608548973545884
0.5712131903027043
0.6267304014075886
0.617034782965978
0.669608861207962
0.6352973887414644
0.7035898385625897
0.703501739285209
0.7332957694024751
0.7351508971416589
0.7766835725668705
0.7847867012023926
0.7874824603398641
0.7842159325426276
0.7738180485638705
0.8147219961339777
0.8249353748379331
0.828491129658439
0.842036323113875
0.8366146159894539
0.8365257653323087
0.8366414434982069
0.8466468182477084
0.8353483315670129
0.832641140981154
0.8357242779298262
0.8314215992436265
0.8513910481424043
0.8458138361121669
0.8599331993045229
0.8493145343029138
0.8678354476437424
0.8597238172184337
0.8660156925519308
0.8620842045003717
0.8651772863937147
0.8521470156582919
0.8553764693664782
0.8667919726082773
0.8685602672172316
0.8651651017593615
0.8610505100452539
0.8666633909398859
0.8676409378196254
0.86863471883716
0.8697537039265488
0.8760322513002338
0.8754598064856096
0.8704282081488407
0.8722793730822477
0.8802279631296793
0.8765323198202885
0.8773346741994222
0.8823334737257524
0.8749242533336986
0.872809729792855
0.879900695699634
0.8864575642527956
0.8813990733840249
0.8764175068248402
0.8743228117624918
0.8756666978200277
0.8752448305939183
0.8824366692340735
0.8741693532828129
0.8776542183124658
0.8846511985316421
0.8861398516279279
0.8736248377597693
0.8810680689233722
0.8828791777292887
0.8800854682922363
0.8824602455803843
0.8861515431693106
0.8855158054467404
0.8859922994266857
0.8877167358542933
0.8822728485772104
0.8845018907026811
0.8760437549966754
0.8740793340133898
0.884145584973422
0.8821214672290918
0.8838241443489537
0.8804133480245416
0.8814644813537598
0.8781390226248539
0.8834720001076207
0.8813259439034895
0.8785902460416158
0.8787272843447599
0.8823190819133412
0.8813384518478856
0.8815833113410256
0.8747005336212389
0.8813564091017752
0.881234064246669
0.8825047666376288
0.8865568710095955
0.8791765155214252
0.8795418125210386
0.8827305056832053
0.8822401671698599
0.8840235471725464
0.8877727913134026
0.8874011130043955
0.8925531091112079
0.890888745134527
0.8753269676006201
0.8878017609769647
0.8840512326269439
0.8866974422425935
0.8855875784700568
0.8845749136173364
0.8883707703966083
0.8731761303814974
0.8832297361258304
0.8521534276731086
0.8828972162622394
0.8804630004998409
0.8788916125442042
0.8837389620867643
0.8723122784585664
0.8809958606055288
0.8823636734124386
0.8480349165020566
