0.8827539032155817
0.8484923189336603
0.8209443309090354
0.800449808438619
0.7781012690428531
0.7710958141269106
0.7396099278421113
0.7349527460156065
0.7321565386020776
0.693884526238297
0.6890898437211008
0.6762424942218896
0.664458099639777
0.6593929547252078
0.6571625742045316
0.6323553450179823
0.6429379528219049
0.6123739354538195
0.5903256372971968
0.592486296639298
0.5655434890226885
0.5352625539808562
0.502796263405771
0.4666625207120722
0.4391451026454116
0.42878681060039636
0.37326959768931073
0.3829652161309213
0.33039113969513867
0.36470261125853565
0.2964101614374103
0.296498260714791
0.2667042305975249
0.2648491028583411
0.22331642743312952
0.21521329879760742
0.2125175396601359
0.2157840674573725
0.22618195143612949
0.18527800386602228
0.17506462516206683
0.17150887034156106
0.15796367688612503
0.16338538401054614
0.16347423466769131
0.16335855650179315
0.1533531817522916
0.1646516684329871
0.16735885901884598
0.1642757220701738
0.16857840075637354
0.14860895185759573
0.1541861638878331
0.1400668006954771
0.1506854656970862
0.13216455235625757
0.14027618278156628
0.13398430744806925
0.13791579549962824
0.13482271360628534
0.1478529843417081
0.1446235306335218
0.13320802739172272
0.1314397327827685
0.1348348982406385
0.13894948995474612
0.13333660906011408
0.1323590621803746
0.13136528116283994
0.13024629607345117
0.12396774869976622
0.12454019351439043
0.1295717918511593
0.12772062691775235
0.11977203687032063
0.12346768017971155
0.1226653258005778
0.1176665262742476
0.1250757466663014
0.127190270207145
0.12009930430036603
0.1135424357472044
0.11860092661597511
0.1235824931751598
0.12567718823750815
0.12433330217997234
0.1247551694060817
0.11756333076592648
0.12583064671718713
0.12234578168753421
0.1153488014683579
0.11386014837207216
0.12637516224023068
0.11893193107662779
0.11712082227071126
0.11991453170776367
0.11753975441961577
0.1138484568306894
0.11448419455325964
0.11400770057331432
0.11228326414570663
0.1177271514227896
0.1154981092973189
0.12395624500332457
0.12592066598661017
0.11585441502657803
0.11787853277090823
0.1161758556510463
0.11958665197545831
0.11853551864624023
0.12186097737514612
0.1165279998923793
0.11867405609651045
0.1214097539583842
0.12127271565524014
0.11768091808665883
0.11866154815211441
0.11841668865897438
0.12529946637876105
0.11864359089822481
0.11876593575333104
0.11749523336237128
0.11344312899040454
0.12082348447857481
0.12045818747896136
0.11726949431679466
0.11775983283014009
0.11597645282745361
0.11222720868659741
0.11259888699560454
0.1074468908887921
0.10911125486547296
0.12467303239937985
0.11219823902303522
0.11594876737305612
0.11330255775740652
0.1144124215299433
0.1154250863826636
0.11162922960339171
0.12682386961850253
0.11677026387416956
0.14784657232689136
0.1171027837377606
0.11953699950015906
0.12110838745579575
0.11626103791323575
0.12768772154143362
0.11900413939447115
0.1176363265875614
0.1519650834979433
