0.9045287817716599
0.8662777245044708
0.8466024100780487
0.8267255835235119
0.8122640736401081
0.8002859689295292
0.7927284277975559
0.7839762642979622
0.7706355638802052
0.7644666843116283
0.7546588890254498
0.7478003390133381
0.7367919385433197
0.7282538078725338
0.7144316583871841
0.697994489222765
0.6825578883290291
0.6724288649857044
0.6555549167096615
0.6369222290813923
0.6298073679208755
0.6123149916529655
0.5967298336327076
0.5965667553246021
0.5721495188772678
0.5477487593889236
0.5319596640765667
0.5202562585473061
0.49945980310440063
0.4895259030163288
0.47229770198464394
0.4546874389052391
0.4346400313079357
0.41812369227409363
0.4075540229678154
0.3884856775403023
0.37777620553970337
0.36135170236229897
0.34648222476243973
0.3320641741156578
0.32386665418744087
0.30856234207749367
0.2970888540148735
0.27833203598856926
0.27340731769800186
0.2536776103079319
0.2522171325981617
0.2391364946961403
0.22412297129631042
0.2164027877151966
0.20602941140532494
0.2063189186155796
0.19708485156297684
0.18760456144809723
0.17798294126987457
0.17249012365937233
0.1681555025279522
0.15633618459105492
0.15316249802708626
0.1461075134575367
0.14192000404000282
0.1324860341846943
0.13078738376498222
0.1252056062221527
0.12120896950364113
0.11762513592839241
0.11356783285737038
0.11127981171011925
0.10439416021108627
0.09921230748295784
0.0970960296690464
0.09417376667261124
0.09210553020238876
0.08748970925807953
0.08979496732354164
0.09151728451251984
0.0813581570982933
0.07895750179886818
0.07613888755440712
0.07486193254590034
0.07263368740677834
0.07292145863175392
0.06746284291148186
0.07650857791304588
0.09330002963542938
0.13669272139668465
0.12790876999497414
0.11076968908309937
0.09302844852209091
0.07742767781019211
0.07434746250510216
0.07199698686599731
0.06726019084453583
0.06126270443201065
0.06042977795004845
0.059334397315979004
0.05587766319513321
0.054557085037231445
0.052870988845825195
0.05202233046293259
0.050481166690588
0.048011716455221176
0.045045219361782074
0.04598556086421013
0.047119759023189545
0.04438866302371025
0.04412565007805824
0.041924260556697845
0.04120255261659622
0.03908460959792137
0.03861705958843231
0.03880789503455162
0.03764895349740982
0.0354633629322052
0.03450815752148628
0.03560635447502136
0.03377164155244827
0.03311574086546898
0.03325815871357918
0.031306907534599304
0.029461126774549484
0.030425414443016052
0.030425220727920532
0.028758496046066284
0.029948506504297256
0.029423803091049194
0.02788662537932396
0.028032921254634857
0.027137137949466705
0.03023025393486023
0.029514968395233154
0.027668166905641556
0.026092741638422012
0.02582383155822754
0.02529175952076912
0.024728447198867798
0.024656932801008224
0.023489631712436676
0.021792445331811905
0.021542612463235855
0.023973830044269562
0.024846896529197693
0.024068105965852737
0.021537791937589645
0.02029845491051674
0.019514914602041245
0.01958826184272766
0.02014107257127762
0.02059798687696457
0.0192335844039917
0.018911242485046387
0.01894140988588333
0.01918710395693779
0.019034579396247864
0.01829863339662552
0.018053345382213593
0.017972417175769806
0.017754215747117996
0.01719021424651146
0.01696758344769478
0.016322746872901917
0.016746539622545242
0.016304239630699158
0.015995442867279053
0.016519702970981598
0.015188872814178467
0.0156683512032032
0.016168829053640366
0.016840219497680664
0.016148503869771957
0.016733381897211075
0.014869272708892822
0.014410831034183502
0.015018962323665619
0.014762401580810547
0.013732384890317917
0.013675160706043243
0.01325463131070137
0.014669947326183319
0.013909615576267242
0.01384051889181137
0.013824407011270523
0.013073448091745377
0.013425357639789581
0.014382604509592056
0.013475529849529266
0.014113198965787888
0.013402216136455536
0.012785516679286957
0.012254539877176285
0.01308966800570488
0.012909866869449615
0.011762905865907669
0.011702142655849457
0.011730220168828964
0.011612873524427414
0.011611443012952805
0.01194922998547554
0.011454008519649506
0.011800911277532578
