0.12039439555476694
0.14895778762943604
0.15914937152582057
0.18315804705900304
0.18788955010035457
0.20678157666150263
0.21638405410682454
0.22392315110739539
0.2308515678433811
0.23427348277148077
0.24768863180104425
0.24652976498884313
0.26130901627680836
0.27578602731227875
0.2954699274371652
0.3096493035554886
0.3227177612921771
0.33163487735916586
0.34790054840200085
0.3657712848747478
0.38704533962642446
0.3973689009161556
0.3829512561068815
0.41053789328126344
0.4299488593550289
0.45885685436865864
0.455209097441505
0.48871705111335306
0.5006811268189374
0.51671043213676
0.5340831244693083
0.5461247633485233
0.5668971258051255
0.572978238849079
0.5926495772950789
0.6115415131344515
0.6219698120565975
0.6346825992359835
0.6507504442158867
0.668353820548338
0.6737855497528525
0.6874299645423889
0.6748847400440889
0.690519795698278
0.7227581493994769
0.7304549918455236
0.7251400176216575
0.7504145538105684
0.7543607003548566
0.7597805191488827
0.7626175003893235
0.7643897708724526
0.7843125217101153
0.7866971001905554
0.7907019678284141
0.8005583847270292
0.7961201317170087
0.8140384414616753
0.8141715491519255
0.8259267000591054
0.8229067465838265
0.8300034824539634
0.8354430303854101
0.8329671516137964
0.8427803551449495
0.834211577387417
0.8399019381579231
0.852968833025764
0.8512230760910932
0.8546451996354496
0.8601274876033559
0.866681719527525
0.8625654122408699
0.8563284803839291
0.8667167951078976
0.8549171160249149
0.8648061086149776
0.8699461957987618
0.8773173234042
0.8708772589178646
0.8758240482386421
0.8786933772704181
0.8805457143222585
0.8545678818927092
0.6349888128392837
0.8358491764349096
0.8274532837026259
0.8542268206091488
0.8756684134988224
0.8835639322505278
0.8805971005383659
0.8857206561986137
0.8842523869346169
0.8879160810919369
0.8902032480520361
0.886678513358621
0.8892867249601027
0.8820060105884776
0.8884743557256811
0.8898449925815358
0.8899240844389972
0.8905740836087395
0.8874051395584556
0.8846512226497426
0.8930458496598637
0.8929762524716994
0.8955630134133732
0.8974535044501809
0.8964536365340737
0.8914251713191762
0.8925099688417771
0.8940258867600385
0.8931221015313092
0.8944725569556741
0.8961309965919045
0.8971820789224961
0.9008774476892808
0.8963122578228221
0.905535473543055
0.900560554336099
0.9042334521518034
0.9025496910600102
0.9008828717119554
0.8992356482674094
0.8988804712015039
0.9057948449078728
0.9027881096391117
0.9068849612684811
0.9017805983038509
0.9069866713355569
0.9044254141695359
0.9075262616662418
0.8996811053332161
0.9048512963687673
0.9067913539269391
0.903568800757913
0.9101399849442875
0.9084649050936979
0.9083133304820341
0.9105296906302957
0.9059401750564575
0.9093749628347509
0.9006058082861059
0.9072808553190792
0.9072073242243599
0.906562889323515
0.9049078226089478
0.9023930816089406
0.9148920669275171
0.9048002362251282
0.908490983878865
0.9084568865158978
0.9161481962484472
0.9058406913981718
0.9048167607363533
0.9058067027260276
0.9070639890782973
0.9113344199517194
0.9159970038077411
0.9095843714826247
0.9169170786352718
0.9120623118737164
0.9091749752269072
0.9089095522375668
0.9120497703552246
0.9086584273506614
0.9065646564259249
0.9122529625892639
0.9110289566657123
0.91180020570755
0.9085083042874056
0.9113326283062205
0.906612259500167
0.9109905923114103
0.9129183082019582
0.9105902138878318
0.9079465936211979
0.9135822723893559
0.9114242266206181
0.90861195676467
0.9123986258226282
0.9126908954452065
0.9139587879180908
0.9109062727759866
0.9156087005839628
0.9155925757744733
0.9128147644155166
0.9125392226611867
0.9141344989047331
0.910956414306865
0.9125174774843103
0.911775596001569
0.916083086939419
0.9184321130023283
0.9156559039564693
0.9152842409470502
0.9108365598846885
0.9140324101728552
0.9180165529251099
0.916857502039741
