0.8796055983094608
0.8510422075496
0.8408506302272573
0.8168419529409969
0.8121104520909926
0.7932184163261863
0.7836159467697144
0.7760768427568323
0.7691484268973855
0.7657265242408303
0.7523113699520335
0.7534702315050013
0.7386909828466528
0.7242139683050268
0.704530070809757
0.6903506903087392
0.6772822387078229
0.6683651279000675
0.6520994551041547
0.63422871687833
0.6129546656328089
0.6026310990838444
0.6170487403869629
0.5894620979533476
0.5700511406449711
0.5411431473844192
0.544790902558495
0.5112829488866469
0.499318869674907
0.48328956786323995
0.4659168755306917
0.45387523314532113
0.4331028741948745
0.4270217593978433
0.40735042445799885
0.3884584868655485
0.3780301879434025
0.36531740076401653
0.34924955578411326
0.33164617945166197
0.3262144502471475
0.3125700354576111
0.32511525995591106
0.3094802043017219
0.2772418506005231
0.2695450081544764
0.2748599823783426
0.24958544618943157
0.2456392996451434
0.2402194808511173
0.23738249961067648
0.2356102291275473
0.2156874782898847
0.21330289980944464
0.209298032171586
0.19944161527297077
0.2038798682829913
0.1859615585383247
0.18582845084807453
0.17407329994089463
0.1770932534161736
0.16999651754603667
0.1645569696145899
0.16703284838620355
0.15721964485505047
0.16578842261258295
0.16009806184207692
0.147031166974236
0.14877692390890682
0.14535480036455042
0.13987251239664414
0.13331828047247493
0.13743458775913014
0.14367151961607091
0.1332832048921024
0.1450828839750851
0.13519389138502233
0.1300538042012383
0.12268267659580007
0.12912274108213537
0.12417595176135793
0.12130662272958194
0.11945428567774155
0.14543211810729084
0.36501118716071634
0.1641508235650904
0.17254671629737406
0.1457731793908512
0.12433158650117762
0.11643606774947222
0.11940289946163402
0.11427934380138621
0.11574761306538302
0.1120839189080631
0.10979675194796394
0.11332148664137896
0.11071327503989725
0.11799398941152237
0.11152564427431892
0.11015500741846421
0.11007591556100284
0.10942591639126048
0.11259486044154447
0.11534877735025742
0.10695415034013636
0.10702374752830057
0.10443698658662684
0.10254649554981905
0.10354636346592623
0.10857482868082383
0.10749003115822287
0.10597411323996152
0.10687789846869077
0.10552744304432589
0.10386900340809542
0.10281792107750387
0.0991225523107192
0.10368774217717788
0.09446452645694509
0.09943944566390094
0.09576654784819659
0.09745030893998988
0.09911712828804464
0.10076435173259062
0.10111952879849602
0.09420515509212718
0.09721189036088831
0.09311503873151891
0.09821940169614904
0.09301332866444308
0.09557458583046408
0.09247373833375819
0.10031889466678395
0.09514870363123276
0.09320864607306088
0.09643119924208697
0.08986001505571253
0.09153509490630206
0.09168666951796588
0.0894703093697043
0.09405982494354248
0.0906250371652491
0.09939419171389412
0.09271914468092077
0.09279267577564015
0.09343711067648496
0.09509217739105225
0.09760691839105942
0.08510793307248284
0.09519976377487183
0.09150901612113505
0.09154311348410214
0.08385180375155281
0.09415930860182818
0.09518323926364675
0.09419329727397245
0.09293601092170267
0.08866558004828061
0.08400299619225894
0.09041562851737528
0.08308292136472814
0.08793768812628354
0.09082502477309283
0.09109044776243322
0.08795022964477539
0.09134157264933866
0.09343534357407514
0.08774703741073608
0.08897104333428775
0.08819979429244995
0.09149169571259443
0.08866737169377945
0.09338774049983305
0.08900940768858966
0.08708169179804184
0.08940978611216825
0.09205340637880213
0.08641772761064417
0.08857577337938197
0.09138804323533002
0.08760137417737175
0.08730910455479342
0.08604121208190918
0.08909372722401339
0.08439129941603717
0.0844074242255267
0.08718523558448343
0.08746077733881333
0.0858655010952669
0.08904358569313497
0.08748252251568962
0.08822440399843104
0.08391691306058098
0.08156788699767169
0.08434409604353063
0.0847157590529498
0.08916344011531156
0.08596758982714485
0.08198344707489014
0.08314249796025894
